time X Y Z roll pitch yaw
664.951 0.898 -0.053 0.751 -4.740 -9.897 20.701
666.076 0.897 -0.053 0.752 3.565 -20.118 -8.722
667.037 0.897 -0.053 0.752 6.137 -29.499 -11.922
667.979 0.897 -0.053 0.751 -5.146 -13.047 21.757
668.747 0.898 -0.052 0.751 -3.753 -7.972 15.304
669.949 0.895 -0.056 0.752 -6.255 -11.268 25.528
671.062 0.898 -0.053 0.751 -4.824 -10.282 19.814
671.685 0.893 -0.051 0.752 6.018 -19.682 -15.324
672.821 0.896 -0.051 0.754 5.816 -18.656 -15.341
674.122 0.897 -0.052 0.754 6.255 -25.580 -16.402
674.972 0.896 -0.053 0.751 -4.750 -13.880 17.857
675.990 0.896 -0.052 0.753 5.225 -24.546 -12.314
677.098 0.896 -0.054 0.750 -3.720 -10.795 16.205
678.045 0.895 -0.052 0.753 5.885 -24.450 -14.599
679.048 0.897 -0.052 0.750 5.722 -18.740 -13.148
680.037 0.897 -0.053 0.750 -5.468 -16.102 23.149
680.999 0.896 -0.052 0.751 -3.981 -15.115 16.320
682.044 0.895 -0.052 0.753 -3.609 -6.435 15.660
683.015 0.896 -0.053 0.750 -3.965 -13.770 15.471
683.680 0.896 -0.051 0.751 3.983 -18.419 -10.415
684.929 0.897 -0.052 0.752 -0.876 -12.882 7.828
686.036 0.897 -0.053 0.752 -3.706 -8.797 17.332
686.996 0.895 -0.053 0.753 6.975 -25.141 -15.377
688.157 0.896 -0.052 0.752 6.089 -23.571 -13.163
688.831 0.896 -0.053 0.753 5.334 -23.166 -10.945
689.984 0.897 -0.053 0.750 -4.147 -13.622 16.592
690.957 0.898 -0.053 0.751 -4.954 -11.419 19.253
691.896 0.897 -0.053 0.753 6.266 -23.487 -14.808
693.000 0.897 -0.053 0.751 -3.059 -7.001 16.667
694.009 0.897 -0.052 0.752 -4.274 -11.080 17.373
695.059 0.898 -0.053 0.751 -4.925 -12.014 20.087
696.089 0.898 -0.053 0.751 -5.373 -11.051 19.415
696.619 0.897 -0.051 0.753 4.813 -22.402 -12.705
698.015 0.897 -0.054 0.748 -4.513 -13.808 17.551
699.038 0.895 -0.053 0.749 4.084 -27.488 -5.704
699.754 0.896 -0.053 0.751 -4.874 -7.456 19.620
700.955 0.897 -0.052 0.750 -3.806 -9.939 16.408
702.058 0.896 -0.052 0.753 4.899 -26.625 -10.431
703.067 0.896 -0.052 0.753 3.275 -22.062 -9.428
703.923 0.896 -0.053 0.753 3.570 -22.494 -8.268
705.009 0.898 -0.053 0.752 -4.670 -7.022 17.644
705.985 0.897 -0.053 0.752 3.786 -24.401 -8.862
707.097 0.897 -0.052 0.753 -4.512 -10.171 19.004
707.952 0.897 -0.050 0.753 5.808 -21.843 -15.452
708.944 0.897 -0.053 0.752 5.913 -24.447 -13.190
709.850 0.896 -0.053 0.753 7.155 -29.532 -15.992
710.826 0.897 -0.052 0.751 -3.677 -11.814 14.915
711.965 0.898 -0.053 0.751 -6.257 -16.558 22.494
713.026 0.899 -0.053 0.748 -4.474 -18.149 17.341
714.031 0.896 -0.052 0.751 -3.187 -10.524 13.208
715.183 0.899 -0.053 0.753 5.231 -21.456 -11.847
715.946 0.898 -0.054 0.747 -5.520 -11.030 23.808
716.940 0.898 -0.051 0.751 5.845 -19.537 -15.339
717.758 0.897 -0.052 0.751 3.502 -26.049 -7.616
719.073 0.895 -0.052 0.752 -3.928 -8.933 16.022
720.151 0.897 -0.050 0.754 5.076 -23.547 -14.144
721.054 0.897 -0.055 0.746 -6.850 -13.816 28.196
721.895 0.896 -0.052 0.750 -3.436 -12.922 11.366
723.158 0.897 -0.052 0.750 -3.743 -10.087 15.326
724.032 0.897 -0.052 0.750 -4.815 -5.814 18.233
724.982 0.897 -0.053 0.752 4.790 -23.382 -10.835
725.943 0.896 -0.052 0.752 6.002 -24.572 -14.484
727.137 0.896 -0.053 0.753 3.717 -20.645 -9.671
728.079 0.897 -0.052 0.752 4.689 -22.771 -11.391
729.082 0.897 -0.053 0.749 -4.113 -8.234 18.615
729.720 0.897 -0.052 0.753 3.595 -20.544 -8.977
730.964 0.897 -0.053 0.752 5.665 -20.095 -13.053
731.951 0.897 -0.053 0.752 3.542 -24.630 -9.762
732.957 0.896 -0.053 0.751 -4.628 -12.252 19.458
734.023 0.897 -0.053 0.748 -5.196 -18.082 19.939
735.118 0.900 -0.052 0.753 -4.091 -10.130 14.506
735.863 0.898 -0.053 0.750 -4.894 -9.272 18.145
736.898 0.896 -0.052 0.753 3.462 -19.598 -9.963
738.062 0.896 -0.052 0.751 -3.417 -14.101 14.507
739.046 0.896 -0.053 0.752 4.383 -24.034 -9.931
740.117 0.897 -0.054 0.748 -3.617 -27.355 11.520
740.899 0.894 -0.052 0.752 3.878 -21.546 -10.802
741.885 0.895 -0.053 0.752 5.167 -21.926 -11.451
743.036 0.896 -0.052 0.753 5.486 -18.351 -13.316
743.036 0.896 -0.052 0.753 5.486 -18.351 -13.316
744.868 0.895 -0.053 0.753 5.585 -25.149 -11.857
746.141 0.897 -0.056 0.750 -5.526 -7.545 22.791
747.015 0.897 -0.054 0.751 -4.807 -13.688 18.391
747.772 0.896 -0.052 0.752 5.253 -25.763 -12.377
749.059 0.897 -0.052 0.753 2.468 -21.384 -6.691
749.917 0.897 -0.053 0.751 -4.205 -12.741 15.694
751.027 0.897 -0.053 0.747 -4.836 -16.668 19.000
751.910 0.897 -0.052 0.750 -3.746 -11.030 15.757
753.036 0.895 -0.052 0.754 6.104 -23.716 -16.217
753.778 0.897 -0.053 0.751 -5.291 -13.161 20.423
755.050 0.899 -0.053 0.752 -5.269 -13.288 19.051
756.053 0.896 -0.053 0.751 -5.533 -9.447 22.518
757.054 0.897 -0.054 0.751 -4.659 -11.165 20.058
757.985 0.895 -0.053 0.751 5.134 -28.477 -10.501
759.071 0.896 -0.052 0.751 -4.925 -8.805 19.886
759.976 0.897 -0.053 0.751 4.301 -27.790 -7.584
761.029 0.895 -0.054 0.750 4.173 -30.942 -7.929
761.566 0.897 -0.052 0.750 -4.443 -23.433 17.129
762.889 0.898 -0.052 0.751 -4.061 -9.002 15.368
764.006 0.895 -0.051 0.753 7.265 -25.754 -16.278
764.988 0.896 -0.052 0.751 -3.099 -16.097 12.314
765.982 0.897 -0.053 0.750 -3.955 -8.778 16.592
767.094 0.897 -0.053 0.751 -5.569 -12.143 20.098
768.013 0.897 -0.052 0.751 5.555 -20.768 -12.718
768.969 0.893 -0.052 0.752 4.637 -16.960 -12.517
770.039 0.895 -0.052 0.752 3.885 -18.496 -9.997
771.162 0.895 -0.053 0.751 -0.874 -14.192 2.866
772.057 0.896 -0.052 0.753 4.280 -21.121 -10.727
772.926 0.896 -0.053 0.752 4.809 -24.447 -10.517
773.848 0.897 -0.053 0.750 -4.240 -10.745 16.371
775.035 0.898 -0.052 0.751 -2.904 -16.071 11.782
776.087 0.896 -0.053 0.752 5.310 -28.285 -10.365
777.041 0.898 -0.054 0.748 -3.682 -27.495 10.966
777.959 0.897 -0.052 0.752 5.542 -25.048 -12.481
778.956 0.896 -0.052 0.750 -4.045 -11.438 16.900
779.987 0.895 -0.052 0.752 6.201 -25.664 -13.252
780.846 0.897 -0.054 0.755 -4.271 -6.464 18.004
781.876 0.896 -0.052 0.750 4.798 -29.427 -8.001
783.000 0.897 -0.053 0.752 4.691 -24.867 -10.088
783.773 0.895 -0.052 0.752 5.169 -23.709 -11.745
784.960 0.899 -0.053 0.751 -4.739 -15.197 17.584
785.959 0.898 -0.052 0.752 -5.060 -12.369 20.075
786.727 0.896 -0.052 0.751 -4.274 -11.116 17.929
787.989 0.897 -0.052 0.752 5.795 -26.174 -12.119
789.075 0.899 -0.052 0.752 -4.211 -13.381 17.400
789.888 0.896 -0.052 0.751 -3.839 -11.710 14.298
790.984 0.896 -0.052 0.750 -3.499 -11.590 13.694
791.795 0.900 -0.052 0.752 -4.413 -10.519 17.667
793.060 0.898 -0.052 0.751 -3.668 -12.284 13.340
793.920 0.897 -0.052 0.751 -3.508 -10.017 15.032
795.151 0.898 -0.053 0.752 3.521 -23.725 -7.520
795.838 0.894 -0.053 0.754 4.577 -19.408 -12.988
797.152 0.896 -0.052 0.753 6.236 -20.578 -15.834
797.907 0.897 -0.052 0.753 -4.419 -8.329 18.879
799.015 0.898 -0.053 0.752 3.005 -20.849 -5.904
800.120 0.895 -0.053 0.750 -4.317 -11.073 16.845
800.918 0.896 -0.052 0.753 4.769 -20.980 -12.263
801.701 0.895 -0.053 0.750 2.674 -24.780 -4.626
802.697 0.896 -0.052 0.752 4.327 -24.325 -9.535
804.048 0.897 -0.051 0.751 5.627 -20.463 -13.217
804.980 0.896 -0.052 0.751 -4.135 -5.554 16.651
806.076 0.896 -0.053 0.752 5.040 -22.273 -12.415