time X Y Z roll pitch yaw
403.169 0.892 -0.124 0.753 -1.965 -3.124 14.003
404.283 0.893 -0.121 0.752 1.204 -8.104 0.298
405.417 0.892 -0.120 0.752 -3.726 -8.582 19.133
406.477 0.891 -0.122 0.754 -0.092 -2.881 2.378
407.454 0.894 -0.119 0.752 2.533 -14.070 -6.657
408.486 0.891 -0.119 0.752 -3.273 -5.268 14.523
409.471 0.896 -0.121 0.741 6.513 -33.259 -14.935
410.454 0.891 -0.119 0.757 -1.658 -1.944 13.137
411.589 0.894 -0.120 0.747 3.820 -23.592 -9.591
412.479 0.891 -0.126 0.756 -0.583 5.939 0.656
413.144 0.893 -0.121 0.752 -0.840 -8.026 3.722
414.347 0.890 -0.127 0.757 -0.651 7.653 -2.652
415.411 0.890 -0.119 0.758 -2.229 4.940 12.985
416.568 0.894 -0.120 0.751 -1.723 -10.211 8.704
417.527 0.891 -0.122 0.754 -3.701 -5.009 15.641
418.365 0.891 -0.119 0.753 -1.478 -4.750 8.668
419.437 0.892 -0.122 0.756 -1.986 -2.813 12.696
420.425 0.892 -0.123 0.754 -1.231 -1.456 9.981
421.355 0.891 -0.116 0.757 -3.974 4.464 21.803
422.275 0.892 -0.124 0.754 -2.282 4.999 8.236
423.292 0.894 -0.122 0.752 -4.052 -8.517 18.323
424.400 0.891 -0.124 0.753 -0.786 -3.188 9.735
425.378 0.891 -0.122 0.754 -0.702 0.845 5.952
426.363 0.892 -0.120 0.752 -3.399 -7.183 17.118
427.454 0.891 -0.122 0.753 -2.632 -1.153 11.583
428.194 0.896 -0.122 0.752 -5.758 -11.120 21.341
429.497 0.893 -0.118 0.751 4.558 -14.956 -11.791
429.907 0.891 -0.116 0.757 -3.568 3.007 20.256
431.156 0.891 -0.118 0.753 -3.037 -3.578 12.507
432.521 0.892 -0.122 0.757 -0.951 -1.543 5.558
433.357 0.891 -0.118 0.753 -1.944 1.081 13.246
434.432 0.894 -0.119 0.753 -3.998 -8.113 18.059
435.209 0.894 -0.121 0.754 -3.633 -3.740 18.079
436.384 0.893 -0.122 0.754 0.704 -3.583 -0.780
437.372 0.892 -0.118 0.754 -4.326 -4.636 19.909
438.378 0.894 -0.121 0.754 -3.300 -6.041 17.289
439.378 0.892 -0.124 0.752 -8.204 -24.352 26.682
440.565 0.893 -0.121 0.753 -2.886 -7.337 15.721
441.383 0.894 -0.121 0.746 5.792 -21.378 -10.727
442.473 0.892 -0.122 0.749 -7.344 -15.730 26.572
443.268 0.893 -0.121 0.750 -5.229 -13.919 21.909
444.502 0.891 -0.122 0.752 -4.850 -13.128 21.587
445.485 0.894 -0.122 0.747 -8.392 -18.903 28.625
446.423 0.890 -0.122 0.759 -2.380 5.423 8.357
447.545 0.890 -0.123 0.756 -2.040 -1.081 8.994
448.396 0.893 -0.121 0.751 -5.850 -11.996 23.404
449.380 0.892 -0.121 0.751 3.749 -10.803 -8.966
450.417 0.894 -0.119 0.752 5.605 -20.805 -14.098
451.399 0.894 -0.121 0.752 -4.518 -11.856 20.541
452.417 0.891 -0.124 0.752 -6.534 -16.661 24.644
453.480 0.891 -0.120 0.753 -2.963 -3.944 15.928
454.515 0.892 -0.124 0.755 -3.107 -0.041 16.011
455.197 0.895 -0.120 0.750 4.578 -19.911 -9.533
456.414 0.894 -0.121 0.748 -7.547 -17.997 28.175
457.394 0.891 -0.121 0.752 5.080 -22.348 -12.118
458.328 0.892 -0.120 0.757 -2.258 1.141 10.043
459.492 0.894 -0.120 0.753 -5.137 -15.314 23.726
460.250 0.892 -0.120 0.753 -4.355 -3.977 19.476
461.483 0.895 -0.123 0.751 -5.592 -12.379 23.370
462.450 0.894 -0.122 0.758 -1.318 -0.088 8.455
463.386 0.894 -0.121 0.752 -3.830 -9.361 17.272
464.391 0.892 -0.121 0.753 -1.533 -5.695 9.549
465.372 0.892 -0.121 0.750 -5.962 -16.020 22.868
465.870 0.894 -0.119 0.756 -3.713 -1.692 18.623
467.353 0.891 -0.123 0.752 -3.042 -3.851 14.896
468.360 0.891 -0.122 0.754 -4.387 -2.132 19.643
469.211 0.890 -0.122 0.752 -4.034 -6.622 17.575
470.554 0.894 -0.120 0.751 -3.085 -9.387 15.224
471.326 0.894 -0.124 0.754 -3.058 -4.023 15.828
472.431 0.890 -0.123 0.755 -2.128 1.273 10.417
473.102 0.892 -0.120 0.753 -3.965 -4.712 18.662
474.568 0.892 -0.124 0.752 -6.982 -16.667 28.067
475.449 0.893 -0.121 0.754 -2.002 -4.541 13.462
476.529 0.895 -0.122 0.752 -6.317 -16.340 23.248
477.448 0.893 -0.121 0.753 -3.300 -5.385 16.434
478.425 0.891 -0.122 0.753 -4.755 -3.068 18.419
479.474 0.893 -0.121 0.752 -4.998 -3.496 21.009
480.555 0.892 -0.117 0.756 -3.396 0.867 17.985
481.386 0.891 -0.121 0.752 -2.367 -7.679 14.432
482.462 0.893 -0.120 0.751 -5.886 -5.432 23.173
483.265 0.893 -0.123 0.755 -4.672 -13.385 23.801
484.423 0.892 -0.119 0.753 -4.979 -3.239 22.311
485.400 0.891 -0.122 0.755 -1.831 -2.452 11.164
486.178 0.893 -0.124 0.755 -2.882 -4.841 16.922
487.312 0.894 -0.122 0.753 -4.213 -6.071 21.791
488.422 0.894 -0.122 0.751 -5.121 -11.988 24.294
489.391 0.893 -0.123 0.754 -4.533 -9.809 20.374
490.388 0.892 -0.123 0.754 -0.776 -3.763 9.617
491.588 0.893 -0.122 0.750 -6.445 -16.816 25.843
492.424 0.895 -0.120 0.753 3.114 -16.303 -7.291
493.378 0.891 -0.123 0.753 -5.831 -12.952 26.370
494.361 0.892 -0.123 0.754 -5.690 -8.737 25.440
495.461 0.894 -0.123 0.751 -5.506 -15.064 21.807
496.472 0.896 -0.121 0.749 -7.870 -19.060 29.391
497.369 0.893 -0.122 0.752 -5.499 -9.102 24.844
498.418 0.893 -0.121 0.749 -7.533 -15.706 28.276
499.441 0.892 -0.120 0.750 -5.325 -13.252 22.200
500.425 0.895 -0.121 0.750 -5.638 -10.967 23.300
501.503 0.896 -0.120 0.748 -6.813 -15.991 23.362
502.438 0.892 -0.120 0.749 -5.832 -11.468 23.668
503.480 0.892 -0.120 0.751 -4.361 -8.183 18.724
504.364 0.894 -0.121 0.751 -2.475 -8.320 15.178
505.379 0.896 -0.120 0.751 -6.561 -14.519 23.889
506.564 0.892 -0.123 0.758 -2.190 4.960 7.332
507.346 0.893 -0.121 0.752 -3.755 -10.124 18.105
508.460 0.892 -0.119 0.753 -1.872 -5.047 9.567
509.188 0.895 -0.120 0.748 -6.950 -21.367 22.840
510.367 0.893 -0.123 0.754 -3.366 -6.471 17.884
511.385 0.891 -0.120 0.753 -5.310 -15.730 24.115
512.528 0.894 -0.122 0.750 -6.183 -14.734 26.217
513.369 0.891 -0.122 0.750 -4.733 -7.659 19.433
514.214 0.892 -0.121 0.755 -3.670 -4.618 17.998
515.410 0.893 -0.121 0.754 -3.399 -1.452 16.133
516.483 0.891 -0.123 0.752 -4.569 -13.726 20.687
517.572 0.894 -0.121 0.749 -6.760 -14.795 24.024
518.029 0.892 -0.120 0.753 .000 -17.250 -10.739
519.273 0.893 -0.122 0.751 -3.340 -9.170 14.272
520.387 0.893 -0.121 0.749 4.392 -27.025 -9.077
521.246 0.895 -0.120 0.746 -8.438 -19.031 27.984
522.345 0.893 -0.121 0.750 -5.788 -15.591 20.627
523.380 0.893 -0.121 0.752 -5.788 -13.029 24.279
524.381 0.894 -0.123 0.753 -4.736 -6.515 19.896
525.519 0.894 -0.121 0.748 -7.530 -15.891 25.806
526.401 0.892 -0.120 0.751 4.799 -23.163 -11.188
527.436 0.893 -0.120 0.751 5.769 -9.439 22.286
528.515 0.895 -0.121 0.751 -6.558 -17.871 26.093
529.337 0.894 -0.121 0.755 -3.347 -7.251 17.123
530.421 0.896 -0.120 0.751 3.906 -21.621 -8.145
531.313 0.892 -0.123 0.751 -6.421 -14.784 25.971
532.459 0.893 -0.120 0.752 -3.629 -7.751 17.465
533.381 0.892 -0.123 0.754 -4.766 -14.239 23.180
534.292 0.893 -0.120 0.752 -2.533 -7.500 13.231
535.411 0.893 -0.121 0.751 -5.011 -9.683 21.820
536.447 0.893 -0.120 0.754 -4.774 -5.879 21.004
537.430 0.890 -0.121 0.754 -2.530 -2.312 14.935
538.397 0.894 -0.122 0.752 -4.340 -12.699 19.247
539.002 0.893 -0.122 0.751 -6.739 -14.287 25.606
540.389 0.892 -0.120 0.751 4.820 -19.526 -11.362
541.343 0.893 -0.121 0.749 -5.072 -14.793 22.103
542.392 0.892 -0.122 0.752 -5.113 -11.229 23.004
543.327 0.889 -0.122 0.755 -1.026 -0.118 7.524