time X Y Z roll pitch yaw
51.780 0.900 -0.085 0.751 4.390 -13.361 -13.818
52.862 0.896 -0.090 0.754 -9.134 -25.866 28.361
53.977 0.898 -0.089 0.754 1.709 -1.797 -6.321
54.908 0.897 -0.087 0.749 3.665 -8.998 -10.511
55.883 0.900 -0.087 0.747 -9.090 -27.675 26.789
56.942 0.901 -0.089 0.746 -9.603 -22.298 32.393
57.724 0.900 -0.089 0.752 -7.195 -22.752 25.166
58.771 0.900 -0.088 0.747 -9.271 -23.461 30.036
59.928 0.897 -0.088 0.752 -5.972 -20.571 21.727
60.624 0.900 -0.087 0.745 -9.423 -24.393 26.099
61.863 0.899 -0.087 0.752 1.203 -8.258 -5.349
62.792 0.898 -0.086 0.748 3.745 -10.375 -12.707
63.835 0.897 -0.087 0.750 3.548 -10.834 -11.629
64.713 0.898 -0.087 0.747 -8.198 -21.773 25.106
65.799 0.901 -0.086 0.741 -10.953 -26.391 30.912
66.957 0.896 -0.089 0.755 0.366 -2.217 -2.333
67.864 0.897 -0.089 0.751 2.483 -8.286 -7.495
68.705 0.897 -0.090 0.754 -6.329 -20.531 23.766
69.369 0.896 -0.089 0.755 0.482 -1.046 -2.502
71.001 0.900 -0.088 0.747 3.687 -15.551 -9.498
72.021 0.898 -0.087 0.751 2.760 -9.080 -9.731
72.825 0.898 -0.088 0.747 -9.906 -28.116 29.500
73.827 0.899 -0.088 0.749 -7.262 -22.500 23.689
74.956 0.899 -0.087 0.754 1.909 -4.196 -7.157
75.828 0.898 -0.087 0.748 2.876 -9.349 -9.467
76.813 0.898 -0.089 0.755 1.067 -0.090 -5.897
77.872 0.898 -0.089 0.755 1.441 0.067 -5.787
78.935 0.898 -0.089 0.752 -6.459 -21.482 24.691
79.962 0.899 -0.089 0.751 3.152 -8.802 -7.584
80.848 0.898 -0.088 0.751 -6.483 -20.148 22.376
81.942 0.898 -0.088 0.753 0.219 -6.892 -0.685
83.005 0.896 -0.090 0.754 0.597 -2.486 -1.589
84.116 0.895 -0.090 0.754 -7.177 -24.065 24.762
84.995 0.896 -0.087 0.754 0.624 -3.923 -1.415
86.000 0.890 -0.098 0.774 -2.960 27.806 -14.445
86.897 0.897 -0.088 0.751 2.741 -6.195 -8.124
87.941 0.896 -0.087 0.754 1.745 -4.023 -5.761
88.917 0.897 -0.088 0.752 -7.002 -23.441 22.898
90.050 0.899 -0.086 0.750 3.514 -15.192 -10.867
90.921 0.897 -0.088 0.752 1.793 -4.021 -8.255
91.756 0.898 -0.088 0.754 2.018 -2.192 -7.175
92.912 0.897 -0.088 0.753 0.709 -2.160 -4.077
93.875 0.896 -0.087 0.751 2.296 -6.791 -8.500
94.910 0.898 -0.087 0.747 3.624 -15.775 -10.319
95.944 0.896 -0.088 0.750 2.653 -21.133 -9.140
96.965 0.899 -0.087 0.752 1.307 -10.139 -5.708
97.994 0.899 -0.088 0.748 -7.363 -20.889 25.375
98.742 0.897 -0.090 0.753 0.448 -2.514 0.840
99.774 0.899 -0.086 0.752 3.828 -14.470 -12.061
100.955 0.899 -0.088 0.749 1.771 -9.205 -4.280
101.916 0.899 -0.087 0.747 4.453 -20.959 -12.580
102.795 0.899 -0.089 0.755 -0.031 -0.580 -0.896
103.926 0.896 -0.088 0.753 -0.006 -5.975 -1.488
104.780 0.898 -0.088 0.748 2.666 -19.336 -7.006
105.731 0.900 -0.088 0.751 2.307 -9.878 -5.910
106.951 0.897 -0.088 0.748 0.141 -15.647 -0.042
107.912 0.898 -0.089 0.754 1.125 -1.304 -2.567
108.681 0.898 -0.087 0.746 -7.584 -22.914 20.297
109.817 0.895 -0.088 0.753 0.965 -2.548 -2.968
110.738 0.899 -0.090 0.751 -7.867 -19.033 26.718
111.779 0.891 -0.116 0.780 -11.296 36.884 -28.616
112.910 0.899 -0.089 0.753 0.362 -2.898 -0.405
113.862 0.897 -0.090 0.753 0.818 -4.200 -0.058
114.905 0.899 -0.085 0.752 4.048 -13.683 -12.545
115.779 0.898 -0.087 0.747 4.512 -18.293 -12.209
117.008 0.899 -0.088 0.751 -4.282 -11.093 16.450
117.963 0.898 -0.088 0.753 0.375 -5.046 -0.661
118.965 0.898 -0.088 0.750 1.002 -11.661 -2.963
119.775 0.899 -0.088 0.753 0.925 -3.646 -1.644
120.736 0.890 -0.102 0.774 -2.637 31.123 -15.375
122.043 0.898 -0.089 0.751 1.561 -7.598 -3.487
122.916 0.898 -0.089 0.752 0.775 -4.375 -1.782
123.798 0.898 -0.088 0.753 -0.115 -8.306 0.917
124.807 0.898 -0.090 0.754 -0.365 -3.224 3.798
125.818 0.893 -0.100 0.775 -4.088 29.637 -17.579
126.817 0.896 -0.089 0.754 -0.776 -3.577 3.463
127.885 0.899 -0.087 0.748 3.925 -21.497 -10.240
128.612 0.900 -0.088 0.752 1.201 -6.824 -2.837
129.921 0.898 -0.089 0.756 0.564 0.607 -1.600
130.900 0.900 -0.088 0.750 1.936 -13.038 -5.773
131.729 0.897 -0.089 0.755 1.210 0.429 -1.131
132.631 0.897 -0.091 0.756 0.326 0.840 2.237
133.858 0.899 -0.087 0.754 0.405 -3.224 -0.987
134.897 0.897 -0.091 0.758 0.849 4.588 -5.881
135.834 0.899 -0.088 0.750 -5.592 -16.738 19.478
136.921 0.899 -0.088 0.752 2.072 -3.941 -5.658
137.758 0.898 -0.087 0.753 0.996 -6.508 -3.300
138.915 0.899 -0.089 0.752 1.525 -3.388 -2.788
139.917 0.898 -0.089 0.751 -7.401 -23.991 26.022
140.628 0.897 -0.090 0.754 0.479 -2.071 0.265
141.973 0.900 -0.088 0.752 -0.328 -10.690 2.583
142.863 0.896 -0.090 0.753 -6.465 -21.730 23.949
143.948 0.898 -0.088 0.751 -5.239 -12.811 18.705
144.894 0.898 -0.089 0.751 0.729 -5.250 -0.066
145.864 0.899 -0.089 0.752 -7.603 -25.238 25.039
146.964 0.897 -0.088 0.751 -1.115 -10.835 8.909
147.864 0.900 -0.090 0.754 0.061 -3.430 2.522
149.027 0.899 -0.088 0.751 1.912 -9.831 -4.846
149.989 0.900 -0.088 0.753 1.222 -5.500 -1.529
150.898 0.900 -0.087 0.750 2.444 -15.242 -7.745
151.839 0.899 -0.088 0.752 -6.991 -21.850 25.220
152.971 0.898 -0.088 0.753 0.421 -4.253 0.178
153.831 0.898 -0.088 0.752 -6.100 -22.451 22.136
154.937 0.898 -0.089 0.752 1.671 -2.050 -4.208
155.986 0.900 -0.088 0.749 2.642 -14.236 -5.800
157.001 0.896 -0.089 0.751 1.280 -5.744 -2.509
157.988 0.901 -0.088 0.749 -8.147 -21.600 27.247
159.003 0.898 -0.089 0.754 0.883 -2.979 -0.549
159.961 0.900 -0.089 0.751 -8.483 -26.626 28.201
160.926 0.893 -0.100 0.774 -3.785 29.180 -17.173
161.503 0.899 -0.087 0.751 -5.914 -20.601 20.819
162.836 0.898 -0.087 0.751 2.963 -12.613 -9.753
163.894 0.899 -0.090 0.750 -8.080 -18.580 28.776
164.653 0.900 -0.088 0.752 2.743 -8.421 -5.133
165.979 0.898 -0.089 0.757 1.106 1.919 -3.650
166.947 0.901 -0.087 0.749 -6.488 -22.406 20.872
167.886 0.902 -0.087 0.749 5.196 -18.754 -12.348
168.921 0.900 -0.089 0.752 -7.963 -22.460 26.835
169.893 0.899 -0.089 0.752 2.068 -7.063 -6.372
170.770 0.900 -0.089 0.752 2.174 -8.967 -4.795
171.947 0.899 -0.089 0.750 -8.064 -22.734 27.730
172.988 0.900 -0.089 0.752 2.292 -5.875 -6.677
173.642 0.899 -0.088 0.754 -6.593 -18.377 24.048
174.878 0.900 -0.089 0.752 -9.114 -23.529 30.224
175.773 0.899 -0.088 0.749 3.692 -10.297 -9.866
177.012 0.897 -0.089 0.755 -7.587 -23.496 25.729
177.472 0.900 -0.088 0.750 3.672 -15.559 -10.044