time X Y Z roll pitch yaw
2137.208 0.890 -0.076 0.755 9.271 -16.456 -25.265
2137.955 0.891 -0.085 0.756 -5.249 -11.029 28.553
2139.557 0.892 -0.083 0.751 5.751 -18.699 -13.049
2140.171 0.890 -0.079 0.756 -1.220 3.841 9.413
2140.599 0.893 -0.079 0.747 7.644 -14.676 -19.901
2140.599 0.893 -0.079 0.747 7.644 -14.676 -19.901
2143.374 0.891 -0.087 0.757 -4.476 -8.888 21.796
2143.374 0.891 -0.087 0.757 -4.476 -8.888 21.796
2144.547 0.892 -0.082 0.754 -1.640 -2.479 13.440
2145.680 0.893 -0.086 0.754 -3.950 -7.367 30.833
2147.266 0.915 -0.125 0.674 78.487 -42.546 -83.211
2148.514 0.894 -0.079 0.743 8.616 -20.847 -21.203
2149.489 0.892 -0.084 0.750 -9.294 -17.307 32.578
2149.774 0.889 -0.082 0.770 0.475 3.598 5.413
2151.086 0.890 -0.093 0.761 -17.327 -37.849 51.323
2152.143 0.895 -0.087 0.743 -8.857 -12.062 39.716
2153.524 0.891 -0.082 0.753 5.627 -24.010 -10.714
2153.524 0.891 -0.082 0.753 5.627 -24.010 -10.714
2155.521 0.890 -0.074 0.761 -0.598 10.183 16.514
2156.332 0.893 -0.083 0.756 6.844 -18.526 -14.156
2156.332 0.893 -0.083 0.756 6.844 -18.526 -14.156
2158.442 0.896 -0.085 0.745 -7.752 -12.218 32.264
2159.390 0.894 -0.084 0.747 -4.987 -6.005 25.687
2159.949 0.891 -0.089 0.754 -4.577 -11.122 25.863
2160.984 0.890 -0.082 0.755 0.527 -10.604 1.887
2161.758 0.894 -0.086 0.748 -9.654 -16.748 36.239
2163.251 0.888 -0.104 0.764 -17.885 -29.424 50.481
2164.534 0.892 -0.089 0.749 -5.018 -8.532 30.762
2165.496 0.894 -0.085 0.747 -7.843 -24.443 24.856
2166.219 0.894 -0.081 0.746 7.093 -23.861 -13.575
2167.304 0.891 -0.084 0.753 -4.549 -23.786 19.414
2167.304 0.891 -0.084 0.753 -4.549 -23.786 19.414
2169.255 0.891 -0.083 0.753 -5.772 -7.129 26.250
2170.378 0.895 -0.082 0.752 8.643 -26.331 -14.752
2171.121 0.905 -0.056 0.716 -47.025 -58.923 67.613
2171.959 0.895 -0.085 0.751 -3.869 -8.087 23.971
2171.959 0.895 -0.085 0.751 -3.869 -8.087 23.971
2174.119 0.891 -0.082 0.750 6.366 -22.509 -11.774
2175.319 0.893 -0.084 0.753 -4.065 -9.684 25.696
2175.783 0.896 -0.084 0.747 -6.367 -18.003 24.985
2177.122 0.891 -0.083 0.752 -6.877 -14.124 29.026
2178.139 0.893 -0.077 0.749 8.347 -19.667 -22.405
2179.457 0.891 -0.090 0.757 -9.332 -22.965 32.150
2180.180 0.894 -0.083 0.751 4.966 -29.422 -6.525
2181.368 0.892 -0.082 0.753 6.394 -20.722 -13.717
2182.333 0.885 -0.074 0.779 2.749 15.081 24.584
2183.125 0.894 -0.078 0.745 8.532 -15.689 -29.595
2184.322 0.890 -0.083 0.762 -1.044 -3.670 16.923
2184.735 0.907 -0.100 0.705 -0.875 9.200 57.065
2185.904 0.892 -0.083 0.754 4.908 -18.044 -11.800
2187.241 0.890 -0.079 0.756 -1.697 0.848 5.344
2187.818 0.893 -0.082 0.751 -6.524 -12.332 26.648
2189.010 0.890 -0.083 0.760 -3.057 -4.814 20.288
2189.993 0.892 -0.083 0.758 2.407 -5.536 -3.573
2191.469 0.890 -0.081 0.756 6.863 -29.623 -14.236
2192.478 0.892 -0.076 0.754 9.878 -25.094 -18.418
2192.799 0.906 -0.107 0.712 -2.343 17.115 49.449
2194.241 0.891 -0.083 0.756 11.348 -24.487 -25.135
2195.160 0.892 -0.083 0.750 -4.985 -14.223 24.608
2196.326 0.893 -0.085 0.756 -2.555 -8.601 20.333
2196.651 0.879 -0.115 0.796 -17.498 31.260 -38.973
2197.802 0.889 -0.082 0.758 2.223 -6.787 -1.061
2199.352 0.893 -0.082 0.751 7.133 -24.264 -15.566
2200.148 0.892 -0.086 0.748 -8.837 -17.652 34.484
2201.430 0.891 -0.080 0.757 10.485 -19.146 -22.887
2201.430 0.891 -0.080 0.757 10.485 -19.146 -22.887
2202.986 0.892 -0.088 0.745 -6.974 -16.706 35.083
2204.580 0.890 -0.082 0.755 -1.003 4.727 9.111
2205.209 0.890 -0.085 0.756 1.374 -1.194 1.571
2206.297 0.888 -0.081 0.758 5.281 -17.431 -13.503
2207.200 0.940 0.048 0.599 -93.728 -34.877 104.752
2207.644 0.893 -0.082 0.754 -4.261 -9.077 22.623
2209.435 0.893 -0.089 0.750 -8.674 -12.834 38.726
2210.264 0.890 -0.084 0.755 -3.271 -5.444 19.008
2211.173 0.894 -0.084 0.749 9.177 -22.923 -20.472
2211.987 0.891 -0.083 0.748 -7.238 -12.697 28.961
2213.079 0.890 -0.085 0.760 -3.811 -7.541 23.132
2213.522 0.889 -0.081 0.755 6.352 -21.792 -14.146
2215.071 0.892 -0.083 0.755 -2.260 -9.849 13.180
2216.027 0.892 -0.075 0.750 4.996 -11.019 -18.537
2217.175 0.889 -0.081 0.766 8.869 -11.553 -20.013
2218.025 0.901 -0.096 0.730 -4.839 0.296 50.310
2218.627 0.891 -0.084 0.761 2.398 3.342 3.686
2220.068 0.891 -0.085 0.757 -4.058 -9.095 18.156
2220.618 0.892 -0.083 0.756 5.748 -16.536 -12.506
2222.313 0.911 -0.118 0.690 0.655 18.545 64.454
2223.490 0.896 -0.086 0.735 -7.918 -8.750 46.870
2223.771 0.889 -0.081 0.761 7.294 -21.688 -16.663
2223.771 0.889 -0.081 0.761 7.294 -21.688 -16.663
2226.228 0.908 -0.153 0.697 -5.931 9.336 61.417
2227.053 0.890 -0.097 0.755 -12.148 -18.607 44.818
2227.996 0.889 -0.082 0.756 -2.750 -7.233 17.982
2229.380 0.886 -0.070 0.776 2.365 20.564 28.793
2230.304 0.890 -0.087 0.756 -7.057 -17.960 27.730
2231.358 0.893 -0.083 0.750 -4.798 -8.454 27.280
2232.215 0.893 -0.081 0.751 9.518 -22.278 -21.605
2233.084 0.892 -0.081 0.754 7.156 -21.132 -14.265
2234.006 0.895 -0.078 0.743 7.145 -12.549 -17.103
2234.659 0.891 -0.083 0.756 -0.585 -4.571 6.284
2236.215 0.890 -0.084 0.756 -2.257 -3.995 18.363
2237.378 0.893 -0.083 0.756 8.786 -23.305 -16.638
2238.525 0.891 -0.081 0.753 6.149 -17.997 -12.933
2239.316 0.893 -0.085 0.752 -5.172 -15.080 20.016
2239.316 0.893 -0.085 0.752 -5.172 -15.080 20.016
2239.316 0.893 -0.085 0.752 -5.172 -15.080 20.016
2242.412 0.893 -0.083 0.753 -1.801 -7.145 13.793
2242.852 0.891 -0.083 0.757 -2.001 -8.202 13.799
2242.852 0.891 -0.083 0.757 -2.001 -8.202 13.799
2242.852 0.891 -0.083 0.757 -2.001 -8.202 13.799
2245.707 0.894 -0.089 0.747 -8.375 -8.718 39.002
2245.707 0.894 -0.089 0.747 -8.375 -8.718 39.002
2248.285 0.893 -0.083 0.753 -8.046 -17.831 32.661
2248.285 0.893 -0.083 0.753 -8.046 -17.831 32.661
2250.383 0.892 -0.081 0.755 11.208 -36.516 -22.224
2251.416 0.889 -0.095 0.761 -14.696 -25.214 43.310
2251.846 0.893 -0.096 0.754 -6.843 -11.768 36.650
2252.994 0.895 -0.088 0.743 -5.277 -2.744 28.897
2254.536 0.895 -0.089 0.744 -8.013 -6.687 42.826
2254.976 0.892 -0.081 0.753 4.707 -23.105 -9.450
2256.185 0.891 -0.082 0.754 -2.839 -9.154 17.735
2257.149 0.895 -0.079 0.746 6.970 -16.798 -19.129
2258.051 0.896 -0.063 0.739 5.370 -0.000 -30.301
2259.434 0.893 -0.083 0.751 -4.693 -9.922 22.590
2259.956 0.895 -0.079 0.744 7.877 -22.724 -14.841
2260.873 0.897 -0.085 0.744 -9.924 -13.822 38.584
2262.180 0.895 -0.080 0.745 7.384 -18.464 -18.977
2263.119 0.893 -0.083 0.749 -9.520 -14.053 37.220
2263.119 0.893 -0.083 0.749 -9.520 -14.053 37.220
2265.427 0.891 -0.082 0.754 1.725 -11.929 -0.679
2265.830 0.891 -0.082 0.753 2.661 -14.665 -5.334
2267.244 0.891 -0.084 0.752 6.762 -32.881 -9.347
2268.347 0.892 -0.079 0.751 9.230 -19.071 -26.745
2269.179 0.890 -0.081 0.758 8.184 -23.916 -14.863
2269.179 0.890 -0.081 0.758 8.184 -23.916 -14.863
2270.853 0.891 -0.089 0.754 -5.234 -10.901 25.593
2272.455 0.890 -0.081 0.759 8.860 -20.502 -21.653
2273.287 0.892 -0.084 0.753 -3.978 -5.741 23.408
2273.845 0.898 -0.079 0.734 -12.010 -38.206 26.691
2275.510 0.894 -0.082 0.751 -4.903 -15.416 22.505
2276.187 0.900 -0.109 0.729 -0.874 13.425 48.320
2277.188 0.893 -0.091 0.747 -9.882 -12.446 40.766
2277.188 0.893 -0.091 0.747 -9.882 -12.446 40.766
2279.360 0.893 -0.082 0.751 10.834 -26.531 -20.689
2279.605 0.894 -0.087 0.748 -6.472 -9.027 28.846
2280.601 0.894 -0.079 0.751 1.338 -8.757 -4.796
2281.992 0.890 -0.079 0.757 10.777 -22.306 -23.890
2282.932 0.890 -0.083 0.756 -0.246 -4.300 6.796