time X Y Z roll pitch yaw
1917.592 0.887 -0.113 0.761 1.090 4.715 5.706
1918.447 0.896 -0.109 0.742 8.317 -13.933 -20.072
1919.665 0.893 -0.108 0.748 5.484 -20.155 -11.601
1920.643 0.891 -0.112 0.748 5.048 -23.699 -8.709
1921.555 0.900 -0.120 0.724 19.197 -48.723 -21.738
1922.692 0.891 -0.110 0.753 3.442 -16.201 -7.078
1923.165 0.892 -0.113 0.751 -4.663 -10.635 20.931
1923.727 0.891 -0.113 0.753 3.830 -23.699 -5.602
1925.709 0.890 -0.111 0.752 8.063 -23.960 -16.623
1926.502 0.889 -0.108 0.762 8.012 -20.892 -14.773
1927.603 0.892 -0.112 0.751 5.745 -23.520 -10.367
1928.376 0.893 -0.115 0.750 10.769 -32.078 -17.395
1929.291 0.886 -0.109 0.772 2.321 12.938 15.498
1930.636 0.889 -0.118 0.755 -6.772 -12.439 30.897
1931.718 0.892 -0.111 0.752 3.240 -10.516 -7.630
1932.082 0.891 -0.114 0.749 -8.755 -6.266 39.310
1933.332 0.893 -0.112 0.750 6.471 -29.724 -7.930
1933.831 0.893 -0.109 0.749 7.211 -18.341 -18.384
1935.714 0.890 -0.115 0.758 -4.457 -9.006 23.683
1936.671 0.891 -0.113 0.752 -6.085 -14.233 24.660
1936.671 0.891 -0.113 0.752 -6.085 -14.233 24.660
1938.615 0.889 -0.133 0.763 0.559 21.872 0.815
1938.615 0.889 -0.133 0.763 0.559 21.872 0.815
1939.902 0.891 -0.106 0.754 8.891 -25.642 -20.651
1940.848 0.893 -0.112 0.751 -3.653 -21.818 17.825
1942.105 0.891 -0.115 0.759 -8.990 -14.167 35.246
1943.766 0.894 -0.110 0.755 -1.696 -3.590 6.786
1944.793 0.889 -0.115 0.752 -6.878 -7.160 29.417
1944.793 0.889 -0.115 0.752 -6.878 -7.160 29.417
1946.361 0.891 -0.108 0.758 7.199 -27.204 -14.424
1947.533 0.891 -0.111 0.751 3.052 -11.265 -5.420
1947.888 0.892 -0.115 0.754 -0.181 -1.990 9.259
1949.736 0.891 -0.107 0.758 10.273 -29.253 -22.739
1950.697 0.891 -0.107 0.751 8.722 -23.252 -18.367
1951.131 0.893 -0.114 0.749 5.841 -28.062 -8.120
1952.672 0.895 -0.111 0.742 2.869 -43.120 -1.318
1953.474 0.940 -0.024 0.595 -0.364 20.701 -63.757
1954.541 0.893 -0.115 0.754 -4.661 -11.038 23.406
1955.435 0.896 -0.113 0.751 -7.225 -14.352 27.689
1956.320 0.888 -0.113 0.762 -5.605 -7.541 27.167
1957.658 0.889 -0.116 0.758 -8.950 -15.247 36.401
1958.116 0.892 -0.111 0.752 5.447 -18.270 -13.638
1958.850 0.891 -0.113 0.754 7.432 -21.088 -17.037
1960.730 0.893 -0.114 0.755 -4.997 -9.090 25.549
1961.667 0.890 -0.112 0.753 0.337 -7.494 7.433
1962.532 0.888 -0.108 0.763 9.424 -29.680 -18.674
1963.474 0.887 -0.107 0.771 1.118 10.947 17.878
1964.290 0.900 -0.090 0.720 1.978 2.838 -41.841
1965.573 0.891 -0.110 0.761 8.017 -19.524 -17.023
1965.573 0.891 -0.110 0.761 8.017 -19.524 -17.023
1967.771 0.893 -0.114 0.750 7.804 -28.977 -12.654
1968.504 0.849 -0.048 0.888 34.529 33.206 66.062
1969.717 0.890 -0.117 0.760 -0.208 -0.097 2.228
1970.583 0.892 -0.108 0.756 8.993 -23.774 -18.682
1971.352 0.889 -0.115 0.752 -4.871 -12.278 21.947
1972.454 0.891 -0.113 0.756 0.167 -3.909 3.593
1972.862 0.892 -0.107 0.753 8.491 -26.261 -18.534
1974.438 0.892 -0.108 0.759 13.982 -34.479 -28.419
1975.352 0.891 -0.127 0.758 -14.593 -20.727 46.421
1976.364 0.893 -0.110 0.753 5.446 -14.483 -13.317
1977.673 0.892 -0.114 0.750 -7.070 -5.481 30.990
1977.944 0.892 -0.111 0.755 8.719 -23.344 -18.613
1979.763 0.888 -0.117 0.758 -5.128 -7.433 27.965
1980.743 0.893 -0.112 0.753 -5.235 -5.898 25.846
1981.661 0.893 -0.113 0.751 7.272 -22.432 -18.853
1982.498 0.885 -0.127 0.774 -24.444 -34.647 53.952
1983.410 0.893 -0.115 0.750 0.336 -0.712 20.520
1983.876 0.885 -0.107 0.775 -1.351 11.038 28.236
1985.455 0.890 -0.116 0.753 -4.813 -10.825 24.978
1985.455 0.890 -0.116 0.753 -4.813 -10.825 24.978
1986.920 0.888 -0.106 0.761 11.513 -32.050 -20.429
1986.920 0.888 -0.106 0.761 11.513 -32.050 -20.429
1989.580 0.892 -0.116 0.757 -2.161 -8.066 20.116
1990.763 0.895 -0.116 0.752 -9.845 -15.382 34.381
1991.681 0.895 -0.112 0.741 12.279 -24.861 -23.161
1992.614 0.891 -0.112 0.752 5.741 -17.351 -10.606
1993.364 0.888 -0.109 0.759 6.412 -20.555 -13.019
1994.736 0.892 -0.114 0.750 -7.409 -10.519 30.443
1995.068 0.889 -0.112 0.759 -1.370 -2.458 10.218
1996.308 0.884 -0.140 0.781 -32.981 -39.706 65.135
1997.360 0.890 -0.121 0.755 -9.921 -12.762 39.659
1998.272 0.892 -0.112 0.750 5.363 -25.710 -6.349
1998.272 0.892 -0.112 0.750 5.363 -25.710 -6.349
1998.272 0.892 -0.112 0.750 5.363 -25.710 -6.349
2000.891 0.900 -0.095 0.733 4.182 -7.391 -38.583
2002.575 0.892 -0.111 0.749 5.914 -22.335 -16.598
2002.575 0.892 -0.111 0.749 5.914 -22.335 -16.598
2004.458 0.892 -0.113 0.754 0.283 -10.034 3.665
2005.585 0.893 -0.113 0.753 7.884 -19.834 -16.058
2006.359 0.888 -0.095 0.763 18.355 -34.712 -34.657
2006.359 0.888 -0.095 0.763 18.355 -34.712 -34.657
2008.452 0.891 -0.109 0.756 8.602 -36.200 -11.277
2009.424 0.898 -0.131 0.729 -6.271 8.774 42.728
2009.933 0.895 -0.112 0.742 13.164 -18.949 -29.637
2011.283 0.888 -0.114 0.759 -2.361 -4.265 18.077
2012.075 0.893 -0.112 0.750 6.484 -15.949 -11.408
2013.772 0.889 -0.117 0.762 -0.212 1.260 5.069
2014.678 0.892 -0.110 0.754 8.483 -23.619 -15.916
2014.678 0.892 -0.110 0.754 8.483 -23.619 -15.916
2016.458 0.892 -0.120 0.750 -6.333 -11.049 36.087
2016.458 0.892 -0.120 0.750 -6.333 -11.049 36.087
2016.458 0.892 -0.120 0.750 -6.333 -11.049 36.087
2018.848 0.890 -0.112 0.751 6.763 -34.450 -8.336
2020.600 0.893 -0.112 0.751 6.582 -31.299 -7.924
2021.483 0.886 -0.122 0.763 -0.115 5.152 15.189
2022.031 0.894 -0.111 0.751 6.647 -27.441 -9.854
2022.031 0.894 -0.111 0.751 6.647 -27.441 -9.854
2022.031 0.894 -0.111 0.751 6.647 -27.441 -9.854
2025.332 0.855 -0.188 0.862 -36.725 34.872 -54.123
2025.332 0.855 -0.188 0.862 -36.725 34.872 -54.123
2027.578 0.893 -0.110 0.754 1.463 -3.336 0.717
2028.472 0.890 -0.111 0.757 9.053 -23.394 -24.741
2028.472 0.890 -0.111 0.757 9.053 -23.394 -24.741
2030.371 0.891 -0.110 0.754 -0.508 -0.101 6.145
2030.371 0.891 -0.110 0.754 -0.508 -0.101 6.145
2032.408 0.893 -0.115 0.754 13.874 -30.624 -28.135
2032.795 0.892 -0.113 0.758 -6.231 -12.463 23.761
2032.795 0.892 -0.113 0.758 -6.231 -12.463 23.761
2032.795 0.892 -0.113 0.758 -6.231 -12.463 23.761
2036.620 0.891 -0.113 0.755 -5.080 -13.976 22.832
2037.622 0.887 -0.111 0.758 0.335 -0.906 4.463
2037.622 0.887 -0.111 0.758 0.335 -0.906 4.463
2039.578 0.888 -0.106 0.762 14.227 -31.146 -23.769
2040.507 0.895 -0.111 0.751 5.226 -29.212 -6.767
2040.507 0.895 -0.111 0.751 5.226 -29.212 -6.767
2042.565 0.890 -0.115 0.756 -6.996 -10.366 26.550
2043.143 0.890 -0.089 0.764 19.684 -27.438 -39.560
2043.143 0.890 -0.089 0.764 19.684 -27.438 -39.560
2044.878 0.889 -0.101 0.764 0.972 18.051 26.709
2046.820 0.889 -0.115 0.755 1.731 -4.789 -7.381
2047.247 0.893 -0.113 0.751 6.258 -27.614 -8.843
2048.729 0.894 -0.109 0.749 6.531 -17.632 -16.814
2049.408 0.891 -0.109 0.757 3.030 1.193 -5.027
2050.128 0.893 -0.118 0.748 -8.136 -6.146 40.849
2051.614 0.891 -0.114 0.755 0.720 -5.722 1.965
2052.408 0.892 -0.111 0.750 8.549 -25.668 -13.862
2053.622 0.890 -0.114 0.748 6.986 -29.708 -12.785
2054.027 0.889 -0.112 0.756 5.796 -20.592 -13.973
2055.525 0.901 -0.087 0.725 -45.528 -57.586 62.576
2055.525 0.901 -0.087 0.725 -45.528 -57.586 62.576
2057.420 0.893 -0.107 0.750 7.954 -21.196 -20.255
2058.085 0.891 -0.113 0.752 -4.871 -5.010 30.265
2058.993 0.888 -0.093 0.763 15.775 -35.970 -24.530
2060.398 0.893 -0.111 0.748 6.389 -19.661 -16.666
2061.647 0.890 -0.114 0.755 0.431 -5.998 7.446
2062.427 0.891 -0.111 0.752 9.517 -17.383 -22.481
2063.775 0.896 -0.096 0.737 3.945 -1.364 -26.454