time X Y Z roll pitch yaw
2317.914 0.894 -0.040 0.749 11.652 -18.769 -25.516
2318.706 0.895 -0.045 0.754 12.123 -19.512 -30.186
2319.869 0.896 -0.053 0.749 -5.654 -9.653 22.510
2320.455 0.894 -0.058 0.747 -6.121 -8.442 39.313
2321.652 0.894 -0.048 0.753 7.183 -24.316 -16.147
2322.096 0.894 -0.057 0.755 -9.603 -19.832 35.165
2323.795 0.895 -0.053 0.745 -7.145 -9.853 36.890
2324.862 0.893 -0.049 0.752 -5.978 -14.557 22.134
2325.909 0.896 -0.054 0.745 -7.291 -8.529 37.796
2326.389 0.896 -0.057 0.744 -6.798 -8.538 37.906
2327.587 0.893 -0.050 0.751 8.804 -25.551 -19.248
2328.617 0.892 -0.049 0.753 -7.684 -18.630 25.625
2329.487 0.892 -0.046 0.756 12.119 -17.915 -29.591
2330.782 0.896 -0.049 0.754 -5.470 -13.451 23.559
2331.512 0.895 -0.050 0.751 -6.384 -14.162 29.041
2332.789 0.894 -0.049 0.752 -6.389 -12.408 26.154
2333.516 0.894 -0.047 0.758 6.620 -25.166 -14.806
2333.955 0.894 -0.050 0.750 -5.987 -13.396 30.449
2335.370 0.896 -0.051 0.747 -7.297 -11.797 32.905
2335.949 0.895 -0.050 0.752 -6.915 -14.938 29.003
2337.573 0.894 -0.052 0.746 -6.303 -7.424 31.792
2338.381 0.893 -0.049 0.753 -4.333 -11.022 16.325
2339.453 0.897 -0.053 0.746 -6.892 -9.602 34.308
2340.385 0.894 -0.050 0.750 10.677 -24.893 -23.019
2341.762 0.895 -0.052 0.750 -5.708 -8.836 30.823
2342.852 0.894 -0.050 0.752 8.841 -20.668 -19.256
2343.629 0.894 -0.055 0.751 -8.188 -13.122 35.800
2344.795 0.892 -0.050 0.752 -4.000 -8.246 21.241
2345.641 0.896 -0.055 0.748 -7.086 -9.464 36.087
2346.746 0.895 -0.047 0.755 8.451 -18.669 -22.965
2347.819 0.896 -0.049 0.752 -6.047 -12.961 25.686
2348.590 0.896 -0.052 0.747 -8.847 -15.539 33.783
2349.784 0.893 -0.048 0.751 8.638 -21.216 -20.194
2350.353 0.899 -0.060 0.740 -4.654 -2.297 44.783
2351.834 0.894 -0.049 0.753 -5.806 -15.719 21.405
2352.674 0.889 -0.035 0.770 19.805 -43.117 -36.823
2353.838 0.894 -0.050 0.752 -5.443 -13.659 22.383
2354.813 0.893 -0.049 0.755 4.397 -20.278 -8.908
2355.880 0.891 -0.064 0.762 -9.989 -17.501 33.302
2356.548 0.895 -0.052 0.746 -8.420 -15.045 34.704
2357.811 0.893 -0.048 0.754 7.222 -20.170 -19.302
2358.893 0.895 -0.049 0.749 -6.695 -12.401 28.585
2359.851 0.893 -0.050 0.755 6.461 -20.221 -16.321
2360.765 0.893 -0.049 0.751 -7.286 -13.697 30.759
2361.825 0.891 -0.050 0.752 -5.393 -11.808 22.111
2362.752 0.894 -0.049 0.755 4.741 -21.900 -10.394
2363.648 0.897 -0.050 0.752 -6.862 -15.028 29.877
2364.594 0.894 -0.048 0.751 8.443 -22.421 -19.251
2365.681 0.895 -0.051 0.750 -5.243 -8.053 27.206
2366.779 0.895 -0.050 0.754 8.578 -27.133 -18.161
2367.289 0.894 -0.051 0.752 -6.207 -13.138 27.901
2368.628 0.893 -0.049 0.751 -7.396 -15.130 29.749
2369.654 0.894 -0.050 0.752 -5.398 -13.504 24.952
2370.630 0.895 -0.049 0.752 -5.858 -14.447 19.958
2371.443 0.894 -0.049 0.753 6.159 -36.247 -8.698
2372.825 0.894 -0.051 0.754 -5.735 -9.495 28.810
2373.916 0.893 -0.046 0.757 7.513 -19.381 -21.047
2374.314 0.895 -0.038 0.754 1.547 -4.442 -22.237
2375.417 0.895 -0.050 0.754 7.268 -24.504 -17.059
2376.869 0.894 -0.048 0.752 -8.384 -19.491 32.379
2377.738 0.893 -0.050 0.751 -6.026 -12.836 30.496
2378.739 0.894 -0.048 0.755 4.454 -18.016 -13.517
2379.822 0.896 -0.049 0.749 -7.776 -14.128 29.479
2380.599 0.894 -0.055 0.746 -6.819 -10.094 33.851
2381.737 0.893 -0.044 0.759 8.324 -29.885 -19.708
2382.769 0.892 -0.046 0.756 9.956 -26.422 -21.605
2383.794 0.892 -0.050 0.753 6.822 -29.451 -13.467
2384.685 0.893 -0.046 0.754 9.651 -27.869 -23.416
2385.704 0.897 -0.060 0.744 -6.885 -5.440 42.311
2386.906 0.895 -0.058 0.743 -6.369 -4.833 40.602
2387.652 0.892 -0.050 0.752 7.150 -30.208 -13.150
2388.325 0.901 -0.063 0.731 -3.339 3.211 49.850
2389.652 0.895 -0.050 0.754 6.707 -25.060 -13.303
2390.700 0.895 -0.050 0.754 8.803 -26.161 -18.556
2391.829 0.895 -0.054 0.750 -6.267 -10.729 35.234
2392.614 0.899 -0.065 0.738 -5.419 -1.458 49.418
2393.589 0.896 -0.052 0.743 -7.518 -10.166 34.618
2394.985 0.896 -0.054 0.746 -7.189 -10.422 36.443
2394.985 0.896 -0.054 0.746 -7.189 -10.422 36.443
2396.726 0.889 -0.044 0.762 0.346 0.634 4.187
2397.541 0.892 -0.049 0.753 -5.593 -12.699 23.185
2398.672 0.893 -0.051 0.753 10.466 -24.392 -22.040
2399.605 0.892 -0.054 0.759 -8.776 -13.108 32.259
2400.701 0.893 -0.049 0.753 -7.717 -12.502 38.226
2401.593 0.896 -0.046 0.752 4.453 -10.003 -23.421
2402.884 0.894 -0.050 0.753 8.424 -23.101 -17.020
2403.862 0.892 -0.050 0.753 -7.179 -15.924 28.386
2404.522 0.894 -0.055 0.749 -8.327 -11.807 35.422
2405.597 0.895 -0.050 0.753 -6.345 -12.678 29.011
2406.847 0.891 -0.051 0.754 -5.935 -12.727 28.198
2407.736 0.894 -0.051 0.751 -6.407 -12.970 26.095
2408.601 0.896 -0.049 0.752 8.694 -24.230 -22.014
2409.487 0.895 -0.051 0.751 -7.682 -11.073 34.146
2410.330 0.893 -0.047 0.753 6.729 -19.752 -17.410
2411.879 0.894 -0.051 0.753 8.935 -29.220 -18.289
2412.634 0.895 -0.049 0.753 10.485 -20.232 -25.499
2413.600 0.894 -0.048 0.752 13.264 -21.500 -28.921
2414.743 0.895 -0.047 0.754 8.102 -29.570 -13.561
2415.453 0.894 -0.053 0.745 -8.013 -13.322 35.988
2416.813 0.894 -0.050 0.752 -5.303 -12.460 21.926
2417.543 0.894 -0.049 0.751 -5.866 -12.794 24.804
2418.657 0.892 -0.048 0.759 0.426 -4.010 0.944
2419.665 0.893 -0.053 0.749 -7.736 -12.794 36.568
2420.762 0.894 -0.051 0.751 8.213 -30.378 -14.921
2421.631 0.893 -0.049 0.754 -4.843 -10.294 24.022
2422.854 0.893 -0.050 0.752 9.851 -28.951 -18.299
2423.685 0.896 -0.051 0.748 -8.028 -15.108 29.320
2424.661 0.892 -0.049 0.753 9.308 -21.561 -21.412
2425.695 0.915 -0.077 0.694 0.693 12.549 62.678
2426.770 0.897 -0.054 0.744 -7.514 -11.104 40.329
2427.607 0.892 -0.041 0.758 12.274 -29.122 -28.102
2428.523 0.893 -0.050 0.753 8.754 -22.567 -19.691
2429.962 0.896 -0.051 0.752 -7.472 -16.258 27.698
2430.840 0.892 -0.047 0.755 6.758 -11.854 -22.289
2431.659 0.892 -0.050 0.753 -4.965 -11.505 23.358
2432.764 0.893 -0.048 0.754 7.851 -22.023 -17.204
2433.652 0.893 -0.046 0.757 9.127 -15.825 -24.446
2434.445 0.895 -0.048 0.755 8.469 -26.911 -19.025
2435.861 0.893 -0.048 0.755 9.350 -19.967 -21.719
2436.765 0.896 -0.054 0.745 -6.512 -8.840 38.077
2437.701 0.896 -0.062 0.748 -8.021 -8.950 42.484
2438.694 0.895 -0.049 0.752 -5.128 -10.621 25.976
2438.999 0.893 -0.053 0.755 -6.084 -7.875 29.991
2440.208 0.894 -0.049 0.752 -6.392 -15.931 27.915
2441.040 0.892 -0.049 0.752 -5.201 -11.051 25.160
2442.891 0.892 -0.048 0.754 7.400 -18.659 -19.392
2443.610 0.893 -0.049 0.753 8.414 -25.658 -17.386
2444.895 0.896 -0.057 0.743 -7.048 -9.249 40.069
2445.838 0.893 -0.049 0.752 8.262 -22.478 -18.729
2446.575 0.896 -0.049 0.751 -9.384 -17.141 35.147
2447.407 0.894 -0.055 0.744 -6.771 -9.017 34.995
2448.630 0.895 -0.058 0.748 -6.572 -4.190 37.308
2449.923 0.897 -0.049 0.753 -6.578 -15.488 26.797
2450.417 0.896 -0.051 0.750 11.190 -27.638 -21.747
2450.417 0.896 -0.051 0.750 11.190 -27.638 -21.747
2452.620 0.893 -0.050 0.749 -7.389 -14.263 32.442
2453.253 0.894 -0.051 0.749 -8.068 -15.437 34.122
2454.756 0.890 -0.039 0.767 20.991 -25.111 -41.361
2455.573 0.893 -0.050 0.751 -6.962 -13.324 30.241
2456.714 0.892 -0.049 0.754 12.256 -22.276 -27.442
2457.521 0.896 -0.051 0.747 -6.320 -13.830 30.448
2458.482 0.892 -0.049 0.754 7.413 -19.674 -19.273
2459.889 0.895 -0.049 0.751 -7.176 -15.584 28.187
2460.618 0.890 -0.048 0.757 7.415 -19.638 -21.235
2461.894 0.894 -0.048 0.754 7.491 -19.000 -19.905
2462.930 0.895 -0.050 0.755 -6.413 -10.669 28.120
2463.529 0.893 -0.055 0.751 -7.657 -11.040 36.073