time X Y Z roll pitch yaw
1017.225 0.998 -0.081 0.750 3.048 -15.908 -8.748
1018.535 0.998 -0.081 0.746 -8.994 -25.364 25.068
1019.408 0.996 -0.081 0.749 2.764 -15.284 -7.526
1020.161 1.000 -0.081 0.750 2.110 -15.733 -5.355
1021.346 0.998 -0.081 0.748 2.347 -17.682 -5.265
1022.237 0.997 -0.080 0.751 -5.862 -19.725 18.556
1023.205 0.997 -0.081 0.749 3.015 -15.347 -7.626
1024.402 0.999 -0.081 0.746 -8.895 -25.146 23.655
1025.264 0.999 -0.079 0.745 4.735 -14.686 -13.788
1026.468 0.997 -0.081 0.747 -8.357 -22.436 25.001
1027.523 1.001 -0.080 0.750 3.358 -16.135 -10.140
1028.296 0.998 -0.080 0.747 4.358 -18.295 -11.825
1029.355 0.997 -0.080 0.748 3.075 -13.628 -10.164
1030.220 1.000 -0.080 0.750 3.365 -14.195 -11.341
1031.190 0.998 -0.080 0.749 3.286 -14.383 -11.283
1032.067 0.997 -0.081 0.749 2.505 -17.516 -5.913
1033.374 0.998 -0.080 0.746 4.973 -15.075 -14.820
1034.075 0.998 -0.081 0.750 -2.143 -20.610 6.510
1035.428 0.999 -0.081 0.746 4.978 -23.259 -10.356
1036.278 0.999 -0.081 0.751 -6.488 -18.800 20.642
1037.215 0.997 -0.081 0.748 -6.190 -18.944 20.578
1038.133 0.995 -0.082 0.749 2.081 -19.771 -3.920
1039.392 0.998 -0.080 0.750 2.953 -15.306 -10.216
1040.133 1.000 -0.080 0.748 3.420 -21.334 -9.438
1041.283 0.998 -0.076 0.748 3.104 -7.231 -19.711
1042.347 0.997 -0.080 0.749 3.182 -11.893 -12.179
1042.812 0.998 -0.080 0.749 3.264 -14.478 -10.851
1044.096 0.995 -0.081 0.749 3.018 -14.402 -8.219
1045.198 0.998 -0.081 0.750 3.501 -17.124 -9.390
1046.379 0.997 -0.080 0.748 3.422 -18.524 -8.067
1047.300 0.997 -0.081 0.749 1.040 -16.988 -2.463
1048.218 0.999 -0.080 0.750 1.956 -14.084 -6.238
1049.521 0.998 -0.081 0.749 2.237 -15.967 -6.278
1050.489 0.996 -0.079 0.748 2.916 -9.997 -13.265
1051.193 0.999 -0.080 0.750 2.843 -14.915 -9.145
1052.155 0.999 -0.079 0.749 3.681 -12.484 -14.151
1053.188 0.996 -0.081 0.749 1.863 -17.415 -4.314
1054.465 0.997 -0.079 0.749 3.844 -12.693 -12.656
1055.075 0.998 -0.080 0.749 3.546 -13.686 -12.980
1056.267 0.997 -0.081 0.749 1.971 -18.350 -4.084
1057.045 0.999 -0.080 0.747 4.825 -16.091 -13.350
1058.366 0.995 -0.081 0.748 3.543 -15.114 -11.152
1059.324 0.997 -0.081 0.751 -6.680 -17.447 24.033
1060.407 0.999 -0.079 0.750 2.897 -12.394 -10.719
1061.234 0.997 -0.080 0.749 2.936 -13.068 -11.048
1062.339 0.999 -0.080 0.749 3.556 -14.160 -11.815
1063.300 0.996 -0.081 0.749 -4.118 -19.468 12.656
1064.387 0.999 -0.080 0.747 -8.286 -25.231 22.213
1065.159 0.996 -0.081 0.749 4.096 -16.464 -10.036
1066.485 0.999 -0.081 0.750 2.174 -15.417 -6.884
1067.284 0.998 -0.081 0.751 -6.728 -24.340 20.786
1068.382 0.998 -0.080 0.749 3.164 -13.250 -11.084
1069.039 0.998 -0.081 0.744 3.896 -28.805 -5.992
1070.201 0.998 -0.080 0.750 3.885 -16.526 -11.146
1071.153 1.000 -0.079 0.750 3.250 -12.434 -12.913
1072.233 0.998 -0.081 0.751 2.507 -16.646 -7.243
1073.400 0.996 -0.081 0.749 -6.462 -19.915 20.619
1074.305 0.997 -0.080 0.746 5.388 -15.726 -15.085
1075.369 0.999 -0.080 0.746 4.128 -17.813 -10.791
1076.418 0.998 -0.081 0.750 3.457 -15.789 -9.599
1077.433 0.996 -0.081 0.748 2.184 -16.714 -5.622
1078.357 0.998 -0.080 0.748 3.097 -13.420 -12.471
1079.125 1.000 -0.080 0.747 4.683 -17.256 -11.648
1080.101 0.998 -0.081 0.748 3.075 -20.525 -6.699
1081.135 0.997 -0.081 0.749 3.958 -16.867 -10.892
1082.088 1.001 -0.080 0.751 2.255 -13.758 -7.335
1083.233 0.999 -0.080 0.749 3.096 -13.935 -10.825
1084.500 0.999 -0.080 0.750 3.209 -13.895 -11.258
1085.292 0.996 -0.081 0.749 1.519 -17.421 -3.496
1086.318 0.996 -0.081 0.749 2.242 -14.322 -7.555
1087.322 0.997 -0.080 0.749 2.770 -11.217 -11.040
1088.245 0.998 -0.080 0.749 2.623 -14.755 -9.398
1089.257 0.998 -0.081 0.747 -7.693 -24.972 21.693
1090.200 0.997 -0.080 0.749 1.390 -15.223 -6.520
1091.199 0.998 -0.080 0.749 2.925 -13.639 -9.393
1091.641 0.998 -0.078 0.748 2.715 -9.972 -14.278
1093.342 0.997 -0.080 0.749 3.985 -15.756 -12.349
1093.973 0.999 -0.080 0.750 2.669 -14.127 -10.126
1095.464 0.998 -0.081 0.749 -7.394 -23.181 20.999
1096.287 0.997 -0.081 0.751 -7.019 -20.440 21.627
1097.357 0.998 -0.079 0.749 3.936 -14.104 -13.002
1098.145 0.997 -0.081 0.749 2.883 -15.655 -8.158
1099.099 0.997 -0.079 0.748 3.225 -11.310 -14.142
1100.485 0.999 -0.080 0.750 2.203 -13.281 -7.043
1101.353 0.995 -0.080 0.749 3.328 -12.545 -12.372
1102.474 0.996 -0.080 0.749 3.948 -13.842 -12.094
1103.295 0.997 -0.080 0.749 3.855 -14.595 -12.241
1104.110 0.999 -0.081 0.750 1.739 -17.019 -3.817
1105.089 0.997 -0.081 0.750 -0.504 -17.084 2.547
1106.284 0.996 -0.081 0.749 1.915 -15.390 -5.747
1107.336 0.998 -0.082 0.748 3.840 -28.333 -4.920
1108.213 0.997 -0.081 0.750 2.887 -17.053 -7.460
1109.035 0.997 -0.081 0.750 1.252 -18.549 -2.646
1110.185 0.998 -0.080 0.751 4.745 -20.164 -10.528
1111.406 0.998 -0.081 0.749 1.478 -17.937 -3.236
1112.206 0.996 -0.081 0.749 1.998 -18.988 -4.503
1113.333 0.996 -0.080 0.749 4.072 -19.089 -10.177
1114.463 0.996 -0.081 0.749 3.826 -16.426 -11.079
1115.353 0.998 -0.080 0.749 2.044 -15.108 -6.723
1116.185 0.997 -0.081 0.749 -3.205 -15.644 11.434
1117.314 0.996 -0.081 0.749 3.704 -18.391 -8.888
1118.453 0.997 -0.080 0.749 2.204 -17.648 -6.098
1119.228 0.996 -0.081 0.749 2.478 -18.598 -6.569
1120.363 0.997 -0.081 0.749 1.091 -20.335 -2.070
1121.458 0.998 -0.080 0.750 4.160 -16.632 -11.416
1122.281 0.997 -0.081 0.749 3.443 -17.230 -8.781
1123.287 0.998 -0.080 0.749 2.417 -14.469 -7.901
1124.224 0.996 -0.081 0.749 0.818 -16.643 -1.667
1125.465 0.998 -0.081 0.750 2.548 -17.807 -6.253
1126.462 0.997 -0.080 0.749 2.225 -16.032 -7.082
1126.963 0.997 -0.081 0.749 1.736 -18.065 -3.742
1128.362 0.997 -0.081 0.749 3.020 -16.447 -7.669
1129.338 0.997 -0.081 0.750 4.269 -18.376 -10.930
1130.225 0.996 -0.081 0.750 -6.622 -19.862 21.301
1131.409 0.998 -0.080 0.749 3.241 -13.536 -11.398
1132.360 0.999 -0.080 0.749 2.781 -14.945 -9.500
1133.237 0.997 -0.080 0.749 4.332 -14.897 -14.452
1134.243 0.997 -0.081 0.749 -0.077 -16.216 1.954
1135.023 0.998 -0.080 0.749 3.531 -15.931 -10.702
1136.269 0.997 -0.081 0.750 2.196 -13.688 -6.085
1137.138 0.997 -0.080 0.749 3.307 -15.005 -9.502
1138.363 0.996 -0.080 0.749 4.292 -15.999 -12.842
1139.195 0.996 -0.080 0.749 4.398 -15.902 -12.343
1140.518 0.997 -0.080 0.750 3.780 -15.042 -11.491
1141.473 1.001 -0.080 0.751 2.137 -16.961 -4.778
1142.494 0.999 -0.081 0.751 2.816 -16.879 -7.823
1143.386 0.997 -0.080 0.750 4.555 -18.445 -10.160
1144.447 0.997 -0.081 0.750 2.766 -17.420 -6.350
1145.385 0.995 -0.080 0.749 4.344 -15.120 -14.974
1146.291 0.999 -0.079 0.750 4.885 -15.721 -14.392
1147.383 0.997 -0.081 0.750 -5.145 -19.820 17.242
1148.191 0.999 -0.081 0.751 3.090 -17.680 -7.224
1149.286 0.998 -0.080 0.750 3.990 -14.278 -12.139
1150.125 0.997 -0.081 0.749 3.016 -14.461 -8.398
1151.287 0.996 -0.078 0.748 3.935 -11.819 -16.928
1152.243 0.997 -0.081 0.749 3.260 -18.198 -8.908
1152.913 0.998 -0.080 0.750 4.714 -16.554 -13.692
1154.207 0.999 -0.081 0.750 -0.316 -18.418 0.994
1155.475 0.997 -0.081 0.749 3.924 -21.505 -8.740
1156.534 0.997 -0.080 0.749 4.350 -18.147 -12.041
1157.446 0.997 -0.081 0.749 3.591 -18.265 -8.370