time X Y Z roll pitch yaw
715.998 1.004 -0.087 0.727 89.787 2.546 -2.030
716.751 0.998 -0.091 0.744 87.410 22.999 1.160
718.290 1.005 -0.100 0.732 89.641 16.015 -4.602
718.887 1.000 -0.085 0.728 89.159 6.034 0.615
719.570 1.004 -0.090 0.727 90.118 5.109 -2.524
721.096 1.000 -0.088 0.740 88.378 16.554 1.549
721.821 1.002 -0.089 0.730 89.577 11.165 -1.722
722.586 1.002 -0.087 0.728 78.975 -53.732 21.621
723.629 0.996 -0.113 0.756 87.225 25.399 -17.865
724.240 1.002 -0.088 0.726 80.239 -55.175 18.348
725.864 1.010 -0.027 0.701 102.754 21.098 -39.206
727.239 1.002 -0.088 0.728 89.897 5.562 -1.824
727.452 1.004 -0.089 0.727 88.592 8.011 2.266
728.513 1.003 -0.082 0.725 72.272 -57.160 32.763
730.230 1.003 -0.085 0.728 91.409 8.214 -2.266
730.979 1.001 -0.085 0.728 89.598 11.264 1.801
731.913 1.002 -0.083 0.734 87.217 10.437 3.527
733.241 1.003 -0.088 0.727 77.904 -55.446 23.373
733.241 1.003 -0.088 0.727 77.904 -55.446 23.373
735.172 1.004 -0.090 0.723 86.446 -61.477 7.137
735.172 1.004 -0.090 0.723 86.446 -61.477 7.137
736.316 1.006 -0.078 0.722 72.354 -61.794 27.963
737.514 1.002 -0.083 0.732 93.168 -23.776 -13.690
738.899 1.004 -0.084 0.725 76.077 -54.587 22.323
739.410 1.003 -0.080 0.735 87.873 14.883 9.510
741.045 1.004 -0.089 0.729 75.416 -65.533 22.849
742.069 1.003 -0.090 0.727 80.339 -61.740 19.894
742.846 1.005 -0.089 0.726 81.200 -58.041 16.488
743.987 1.004 -0.083 0.726 72.108 -57.921 32.517
744.886 1.004 -0.091 0.723 79.248 -60.948 17.424
745.731 1.009 -0.057 0.711 48.047 -56.203 59.561
747.055 1.000 -0.081 0.736 86.888 10.302 6.791
747.294 1.000 -0.087 0.737 87.106 19.885 3.113
748.744 1.003 -0.092 0.721 78.144 -65.926 22.952
750.070 1.005 -0.086 0.727 82.802 -53.268 14.325
751.183 1.001 -0.082 0.742 86.653 18.101 9.061
751.183 1.001 -0.082 0.742 86.653 18.101 9.061
752.671 1.001 -0.090 0.726 89.144 4.676 0.191
754.031 1.006 -0.090 0.722 80.317 -63.432 17.062
755.111 0.998 -0.075 0.743 85.421 21.859 12.447
755.978 1.003 -0.094 0.732 89.924 12.965 -0.388
756.762 1.005 -0.088 0.722 79.872 -60.626 15.663
758.219 1.004 -0.089 0.727 82.722 -54.809 14.024
758.773 1.004 -0.088 0.729 89.611 9.493 -0.933
759.905 1.003 -0.072 0.725 92.377 5.489 -7.175
761.318 0.997 -0.044 0.754 87.345 29.144 27.756
762.092 1.007 -0.072 0.719 58.034 -62.884 48.511
762.983 1.002 -0.088 0.727 88.375 9.811 2.761
764.154 0.995 -0.114 0.752 90.771 29.615 -15.831
764.154 0.995 -0.114 0.752 90.771 29.615 -15.831
766.148 1.002 -0.086 0.728 77.747 -53.239 23.756
767.272 1.005 -0.090 0.725 82.191 -59.541 13.378
767.272 1.005 -0.090 0.725 82.191 -59.541 13.378
767.272 1.005 -0.090 0.725 82.191 -59.541 13.378
770.223 0.997 -0.079 0.737 85.981 20.331 12.338
770.943 1.003 -0.086 0.726 80.818 -54.209 17.654
772.268 1.004 -0.089 0.725 82.257 -58.297 13.514
772.945 1.005 -0.096 0.721 97.167 -63.920 -3.688
774.219 1.009 -0.061 0.711 46.171 -58.215 62.044
775.208 1.002 -0.073 0.737 81.951 26.483 20.142
776.116 1.007 -0.104 0.721 116.181 -62.337 -25.912
776.800 1.005 -0.083 0.721 69.475 -66.821 33.254
776.800 1.005 -0.083 0.721 69.475 -66.821 33.254
778.781 1.007 -0.079 0.718 56.854 -63.633 47.054
780.003 1.007 -0.088 0.720 82.424 -71.745 14.859
781.040 1.048 -0.384 0.578 -162.652 -58.816 -117.096
781.865 1.002 -0.087 0.727 88.685 3.903 0.482
783.182 1.007 -0.098 0.717 87.452 -67.303 2.405
783.182 1.007 -0.098 0.717 87.452 -67.303 2.405
784.838 1.003 -0.089 0.726 89.198 4.599 0.030
785.685 1.004 -0.086 0.728 76.198 -57.622 25.814
786.825 1.003 -0.083 0.727 91.316 11.000 2.341
787.666 1.008 -0.025 0.715 100.400 17.747 -25.943
787.666 1.008 -0.025 0.715 100.400 17.747 -25.943
790.163 1.002 -0.088 0.729 87.544 8.408 3.860
791.012 1.005 -0.094 0.716 83.122 -70.201 12.111
791.453 1.004 -0.082 0.727 77.625 -58.220 22.129
793.289 1.003 -0.083 0.727 80.499 -57.115 18.435
793.911 1.000 -0.080 0.739 86.500 16.353 10.998
795.256 1.002 -0.090 0.726 88.835 7.604 0.989
795.839 0.999 -0.073 0.744 84.603 23.143 13.510
796.876 0.998 -0.072 0.749 86.176 22.675 16.818
797.888 1.007 -0.102 0.717 95.741 -71.006 -2.439
798.798 1.003 -0.086 0.728 80.424 -56.612 20.131
800.228 1.009 -0.112 0.706 116.500 -74.754 -27.301
801.183 1.002 -0.077 0.731 87.849 7.722 6.005
801.951 1.010 -0.047 0.706 19.734 -67.546 97.881
801.951 1.010 -0.047 0.706 19.734 -67.546 97.881
803.917 0.997 -0.107 0.746 88.403 27.304 -11.320
804.624 1.001 -0.088 0.737 87.058 21.025 4.299
804.624 1.001 -0.088 0.737 87.058 21.025 4.299
806.955 1.003 -0.091 0.733 88.030 5.640 2.133
808.335 1.004 -0.091 0.727 88.255 8.832 3.026
808.933 1.002 -0.085 0.728 88.725 8.124 1.901
810.300 1.027 0.045 0.651 112.547 44.609 -47.505
810.742 1.007 -0.091 0.715 75.747 -71.620 20.407
812.287 1.000 -0.078 0.742 83.516 14.339 15.457
813.050 1.004 -0.085 0.729 84.349 -54.198 13.016
814.264 1.002 -0.084 0.722 73.418 -59.771 29.300
814.965 1.018 -0.027 0.682 3.186 -69.849 104.329
816.267 1.004 -0.079 0.727 86.507 -54.694 7.859
816.842 1.003 -0.087 0.729 88.799 7.343 -0.396
817.520 1.001 -0.087 0.728 86.792 7.860 6.992
818.702 1.005 -0.080 0.715 60.176 -52.091 46.113
820.256 1.005 -0.085 0.727 78.705 -54.360 20.184
821.047 1.002 -0.088 0.728 82.872 -54.184 14.682
821.987 1.004 -0.083 0.724 78.932 -56.111 19.017
822.944 1.005 -0.077 0.719 69.213 -60.297 34.489
824.018 1.003 -0.096 0.723 81.045 -60.501 14.899
824.435 1.010 -0.058 0.699 38.247 -55.815 71.900
826.189 1.003 -0.088 0.728 83.465 -55.251 14.992
827.234 1.004 -0.091 0.727 87.500 4.047 3.132
827.860 1.002 -0.088 0.725 69.895 -55.005 36.342
828.669 1.001 -0.091 0.725 82.582 -56.812 13.108
828.669 1.001 -0.091 0.725 82.582 -56.812 13.108
828.669 1.001 -0.091 0.725 82.582 -56.812 13.108
831.637 1.003 -0.088 0.728 87.021 5.215 5.479
832.705 1.003 -0.088 0.725 89.305 3.137 -0.652
832.705 1.003 -0.088 0.725 89.305 3.137 -0.652
835.220 1.000 -0.088 0.733 88.450 11.621 1.042
835.220 1.000 -0.088 0.733 88.450 11.621 1.042
836.917 1.003 -0.175 0.727 72.584 -5.564 47.189
838.127 1.001 -0.091 0.734 89.475 8.056 -3.249
838.526 1.009 -0.050 0.712 100.232 16.067 -31.571
840.132 1.001 -0.077 0.732 85.341 -2.568 8.388
841.120 1.006 -0.079 0.724 71.915 -63.163 33.030
842.349 1.000 -0.061 0.743 84.088 26.092 21.176
842.349 1.000 -0.061 0.743 84.088 26.092 21.176
844.317 1.005 -0.094 0.724 82.389 -54.124 19.114
844.517 1.006 -0.088 0.728 88.577 7.657 1.339
845.899 1.002 -0.081 0.736 85.366 17.885 8.576
847.274 1.004 -0.091 0.726 77.447 -57.686 24.229
848.261 1.000 -0.089 0.728 87.564 10.419 4.064
849.010 1.004 -0.081 0.727 84.031 -55.985 11.127
849.665 1.004 -0.094 0.728 90.857 9.194 -1.807
850.883 1.002 -0.088 0.734 87.301 15.111 3.000
851.889 1.003 -0.088 0.730 87.574 10.877 4.085
853.145 1.003 -0.092 0.729 89.991 9.604 -3.262
854.129 1.002 -0.079 0.730 83.651 13.019 9.540
854.724 1.001 -0.092 0.734 88.582 15.879 0.347
855.607 1.003 -0.089 0.727 79.925 -58.147 17.194
856.909 1.005 -0.085 0.730 81.824 -58.616 16.740
857.798 1.004 -0.089 0.730 87.954 12.161 5.814
858.627 0.998 -0.082 0.741 87.848 14.267 8.152
859.662 1.003 -0.085 0.732 88.185 6.073 1.528